506 INDEX GEOGRAPHICUS.

3001101111, 464.
301011011011011101111. 391. 408.
30110110, 891.

300110, 218. 237. 265.

3010, 131.

3010110, 95. 221. 260.

3110110, 95. 311101. 10101110, 375.
3101110110. 468.

3110010, 352

3010011110 0001111010 1101101. 239.
811010, 011, 83.

31101111, 1. 31101011.

31101110, in 0111100134.
3101111111 (8101111), 891. .

311010 13110111, 011. 1. 1131350. -11 (311011. 850.

3101010011] 1811010101), 94 95. 96. 105. 208. 220-
224. 269. 271289. 301. 310. 320. 321351. 315. 391.
395. 408. 462. 468.

301101. 145.

3001100Ἴ opp. in 1110010, 399.

31000010000111, prop. 10100. 386.

3111011210.

81011010 (3111111001, 95. 96. 99104. 210.

31010000011, 339.

3101111ςο, 11 310010, 187.

310101100, 212

311116011111, 352.

3111110, 288.

. 3106110111ὶο, 55. 58. 64. 19. 108. 134. 112. 198. 269.

Styrus, 3., 306.

811011101ἰο (1011001110), 1. 806. 818. 393.

310110 31010, prad. 210.

810010, 53. 58. 64. 65. 79. 108. 110. 154. 112 272
351. 311. 378.

3100145.

3101011110, 202.

3110110011, 243.

311110, prop. 1111011, 82

31110, 115.

31110110 (3111101), opp. in prov. 0100101. 205. 374.
391. 407.

Τ

10110110, opp. Lol. 11101. 310.
10110110, 79. 344. 398.
10010111, 011. 311010, 303.

101001110 fl. 195.

1110010154.

111110, 134.

1110110, fl. 404.

11110 11111110), 296. 298 01 neq.
1110001010 110101 1. 111000100.
11100 (11100, 111011), 1. 316.
Toranium 1111011), 212. 213. 339. 443.
1101001110110. 92, 117. 145186. 212. 848. 356. 358.
1101101111, 395.

Tridentum, 129.

11001 (1101111174. 191. 207. 364. 398.
11101010, 288.

1101101110, 880.

1010110, 95.

110110, 4. 95.

111000100101.,327.

’11100 (1111001011 fl. 261. 268.
11010νί01, 352.

U

{guma (1110101101344351. 335. 387. 388389. 399.
0111095. ·

0010101110, 001.
11100110, 64173. 374.
11011010, 145.

- V

101001010110101000101011, Alb. 10110), 211. 266.

1011001110, 1. 94. 156168. 116. 194.
1010011111, 116. 117.

1011110, 1. 56. 58. 195. 218. 224. 360. 373. 377. 378.

10100110 (1101010110), 1. 42. 50. 58. 60. 92. 106
116. 117. 163. 168. 172. 212 213. 219. 228. 230.
241. 242 257. 261. 265. 211. 293. 304. 326. 350.
372. 385. 898. 399. 408.

7010111110111011110, 294. 338.

1001011, 11 310010, 79.

10101111, 880. 407.

101110, 126. 121. 159. 238. 239. 304. 408.

1010110, 115129.

101101011011011101011),103. 217. 246. 279.

1011111010 1111011, 381.84.-101001011 00110033.

10100110 1. 4.

1100110 (1100110), 95.

 

