CATALOGUS

 

· 6161111111 6111116161. Tempu. horas. ¹ homoeoteleuto.

6611611816166161666 6511161636 , Vllum Jacob. Laehowslul
0161166161 11166161 13161. 1636 66. 16.
8161161666111 Andreas 1 661. 1636 66616611 christoph. Zalewshi
Olszyushi Gaspar 661661. 1637 11161116 11666. 6111666611

· 1111666106611666 116611. 1637 111116 Philip. 3116166
111611 Georgius 19161.1637 3161666166 11666. 6611666611 2
Claglus Thomas id. 16. 16.
6161661616 3166616666 17 maii 1637 Pultovia (116661. 016161
1166666611 Andreas 6361611638 3161666166 Andreas 11111661 “
116661166611 61661166 11 jul. 1638 Vilnae 16666. 666666611
116616166611 16166161 16. 66. 16.
016616661613111661. 6166611638 016616 66161. 8666166616 ·
1166166166 1616166 3 6611638 66166111 (116661. 11666116
8161611661166 30161. 1638 “ Plnsol 11666. 666666611
061161116118161161166 601661. 1639 ¹ 01616 ¹ 666661. 116616
86161616 111111166 1361111639 Vllnae Melohior 8666616161
0661666611 1611166 16. 16. 66.
1616611 Lucas 691161639 ¹ ld. Jacob. Laehowshi
Cleeiszewsld Alherlua 16. 66. 66.
11666611 1616666 69661. 16311 111666 Jacob. Laohowshl
’166116116611 8116161166 6161. 1610 66611611 Andreas Luazlrowslu'
8116166611 1116161116 1666611610 8616161661 Paulus Kozlowsli
Pasurlrlewioz 1166666 66161. 1610 016616 Adamas Sobolewshi
Kooimowshl Andreas 66 jan. 1616 111161 Fabula. 31111 l 116111161)
1611666611 1666666 · 616661. 1616 Poloolaa 1616. 116161166611
666666118111661166 196611616 ’ 111666 id.
316661 6161616 16661. 1616 66616611 ’
166611 1166666 id. 16.
816666 1116116666 16. 66.
1116111 0616166 dian. 1613 36666111 .
36166 8166661116 16. 66. 16.
[16616611 1116111666 16. Crosls Jaeoh. Pasurlliawioz
1161661666616 611661. 1613 316616 - 1611.1611161166616
161661 Bartholomaeus 65 marl. 1613 Cnosia Jacob. Pasurkiewloa
36161616 1161166666 69 61111613 - Pultovia Andreas 111166611
6611166161 61661166 16161. 1613 vina 1611. 016166611
8166666161 811166 61 61111613 16. 1616, Ι1611161166611
1111666166 Andreas ll 11611613 16. 16.
11616166611 Simon 16. 16. 16.
0166116 816661166 66 iul. 1616 1111611611 'Thomas 0166166
961166117661116 1 161. 1616 111116 Melehlor 8666661661
06666666111666666 · 11161616 8166166661 1611.1666666611
Allholr Pelrua 3161111617 3166666166 016661. 111611
8611 Carolus 1616111611 11166116 16666. llarquarl
36616611 8116161166 69 6661. 1617 Nesvisll Thomas 0116166
Leshi Samuel 68 661. 1617 016616 1661. 166161166611
666116611661611616666 61 161. 1617 Van-saulae laoob. lllarquarl
11661161 Nicolaus 1111. 1618 16. 16.
0166611 1111166166 18 661. 1618 0166 816161 11616166611

 

