INDEX GEOGRAPHICUS.

0010110010, pagus, 246.

010010, 101.

0011001110, 41. 51. 253. 269. 374. 376.
0100101010, 10 Ρ110010, 300.
01610110, 0111115110010, 353. ,
00010 1111110389. 303.
010010180183. 374. 276.

01001001 (0100), 340.

010ηο100010 civit. 386.

0101110010, 57.
0101100, 1. 117.119.137.139. 144. 270. 377. 408.

01000100, opp. 334.
0010611110, 214. 304.
0000010011 (1000005011, 1010001010), 367.

Η

Bubus, (1110011011 4.

1011010, 174.

1100010, 57. 374.

1011100110, 11. 14. 30. 61. 74. 75. 78.
Helmetum, 196. 395.

10110010, 7.

· 1015110110 [1101050111402. 460.

Hibernia, 131.

1110101110,129..154. 353. 265.

1161100010, 100.

1610000101 (1101000111,1101ζ1111’610110, 383.
1010010, 3.

1111110110, 195.

Ι

1111110, 10 11100101. 106. 461.
1110011001οο00, 99. 104.

101110, 109.
1616006100, 435.
11111001, 335.

1010610, 101.

14011085. 353. 365. 395.

J

10116110, in Ρο10010, 213. 333.
1010010, 130.

10110, 131.
1016001100, 115
10001010, 145.

K

1000101, 11110001. 111101. 16.
110101, 389.

’ 1101110110, 463.

11000110010111. 993. 994. 399. 00. ;

1111010101, 209. 366.

1100011010,10.

1110111116, 202.

1010110010 (11010011), 10 Ρο01001110, 46.
1604010001(0001010011),ωο0.270.304.360.393417.
10001000, 33. 145.

1000101010, 0000. 11100001, 117.

1100110, 33. 145.
1016001, 351.

h

1061161101, 302. 266. 310. 375. 369. 301.

10110, 203. ’

Lauretum, 130. 343.

10001010, 333.

Leopolis (1000100101), 113. 133. 110. 110. 933.

354.
116000. prov. 427. y

111183 (S. 11110, 110000100101111110), 1. 303. 408.
11100 fl. 4.

. 1111010148. 192.

1100011110, prad. 0101101215. Ι

1116510600, 1100. 0 . Ρο1101.225.379. 443. ‚

11100010, 92. 51. 88. 95105. 350. 355. 358. 363. 370.
374. 381. 336. 337. 393. 396.

111601093. 113. 123. 196. 200220203372351378.

100110, 1. 226. 233. 247. 270. 375. 393. 395. 408.

1610110, 395.

1010011011, 58. 66.

1011010 turris. 351. 1011010111, 133.

105000. 64. 93. 149. 362. .

1011110001,32.47.’104. 117.119.168. 313. 466.

100000110100110.

10000110 (1001), 102, 337. 19. 444.

100100010110372.

101001011091111. 150. 212. 216. 238. 273. 010130, 1061101.11.’11111101111.

1011111100. 10010. 0616116600.. 413.

10010111, 10.

 

