114 , . 11111111111111111.

Laii, 145.

1111111111 (pred. 0. visis. 120. 192. 312. 324. 182

1111111111, 265.
11111111111111111 8111111101. 304. 874.

M.

1111111111111111111111111, 1111111111202448.
11111111, 1. 7. 114. 354. 358. 803375, 885.
1111111110.

111111111111 (111111111111), 101.
11111111(1111111,11 somog. 113.
Mediolanum, 129.

1111111111 (1111111111), 11. in Verm. 233.
1111111111111), 265.

11111111111111111), 344.
1111111111111. Subsilv. 384.
111111111(11111111, 1. 384. 385.
11111,111.111111111,243.

1111111, 296.

11111111111111111), 1. 1411277100.
1111111, 357.

11111111, 11 Poles. 388.
1111111111111111111), 1. 339. 801.
1111111111, 116. 261.

= 11111 angelicus, 340.

11111111, 13. 272.

1111111111 parochio, 11 Moses. 303.

111111ῑὶ1, 84. 85. 9087. 105. 120. 130163. 370.

375. 887. 395. 898. - 1111111, 208. 221. 266.
1111111111 (111111), 895.
1111111111, 85. 206.
11111111νί1 (1111111111), l. 875. 451.
Mutine (Modone), 181. 284.
111111 (Myse), 265. 207. 407.

Ν.

111111111111111111111. 192. 380.
Nervis, 98. 288. 828.

Neapolis, 131. 869. 218.

Nebrius (Borysthenes), 221.
Nellingenum, 11. in Suooio, 150.
Noomsgum, 78.
1111111111,1111111111, 288.
11111111, 145.

1111111111τί1, pred. 11111. 288. 425.

1111111111 (1711111111, 1. 104. 118. 115116187.

mmmmmmmmmm Ν

311. 826. 844. 346. 865. 389. 875. 896. 408.
Neoburgum, 116.
111111111145. ·
11111111 (1111111,1111111,(11111111).11 117. 383. 870·
Niomirovis, 444.
11111111. 138.
111111111209.

, 1111111111(1111111111811111857.

1111111111, 98. 95105248.
- Inferior. 95.

1111111111, 1. 111111111111111151.111411.

O.

0111111195.

011117111111, Odor), 1.

0111111111895

Oliva, 57. 890.

011111111118. 100. 273. 369.

01111111110111. 11111. 417.

Olyka, 191. 822. 330. 881.

opoliensis 1111. 876.

01111111111111111, 855.

ossa (01111), 191105. 145. 235. 236. 271. 804. 305.
887. 408.

01111111011111), 40. 267.

01111111, 91. 145.

011111111111111111 1111111, 386.

0111111111 1111111111 1111111. 857.

01111111, pag. 894.

Ρ.

2111111111, 242. 278.
Ρ11111111111, 105.
21111111, 141856.

Parme, 881.
21111111, (v. Pomosis).

Passeris, fl. 4.

’ Patavium, 131. 240. ¹

Poipus (Boibesus), loeus, 109.

· Pelioeni, 111111. 8111111801417.

Pergonum, 1111. (1. Rig. 277.

¹ 11111, 114. 105.

Permie, 95.
21111111, 127. 180. 266. 895.

 

