502 · INDEX GEOGRAPHICUS.

6111111111 (1111111111) 399. 381.
Campania, 128.

Gaudia, 115.

Capitolium, 128. 129.

capranica, prope Rom. 68. 69.
capraram, villa 21111111, 71.
61111111, 193.

6111111 (cassania), 35. 99.
(11111111, 355.

(11111111νί1, 339.
(11111 (1111111261. 273. 286. 333. 379373. 380.
395. 498. Caum. 1111, 273

(111111, 261. ,

011111111-111111, 190.

(111111, 176. 195. 263. 267. 394. ·

0111111. 71111111.

0111111111. prov. 214.

0111111111, 335.

Claudiopolis (ΚΙ111111111,Κ11111111), 66. 116.
149186.

(11111111221.

Colonia Agrippina (11111), 234.

6111111111 (1111111111 31111), 499.

9111111111, 439.

1111111113. 359.

0111111111), 58. 61. 66. 117. 133. 149152.

151166. 172. 186. 219. 214. 231. 264. 273.
289. 397. 343. 369. 366. 369. .

Orgia& 267. 250. 271. 273. 287. 323. 497. 493.

Orosi (11111111811131111),217. 249

61111111, 891. Α

(1111111. 213. 343.

0111111111 379. 377. 391.

6111111111, 314. 332. 9111111111 11111111. 359.

ΜΜΜϋΜΉΜΜΜΜ
(1111111111, 238. 354.

1111111111 Col. 011111. 833.
(1111111111, 426.

D.

1111111111, 115. ·

’ 111111, 109. 299. 218. 272. 382. 399.
1111111111, (961111 11111317. (11111111.
11111111, 7. 1111111111.

1111111, 293.

1111111111, 276.

1111111111 (1111111111, 1111111111), 194. 193. 119

117. 121. 127. 145. 155. 163185. 196. 292. 294.
212. 217. 239. 235. 252. 256. 266. 834. 497. -
11111111, 57.
11111131, 22.
1111111111, 395. ’
Dima fl. 9911111. 93. 109145.

11111111 111111, 115.
Dobryn, 11 17111111, 385. - 2111111111, 426.

1)111111111,111111.93. 94.
1111131111, 94.

Dravus fl. 46.
111111111111,118111111. 198. 373. 384. 393498.

1111111111111, 11311111. 42186.
1111111111. 495.
11111νί11, opp. 399.

¹ 111111. 11111394.

1111111184. ,
111111. 81. 93, 199179189275. 336. .

· · 1111111311. 252. 331. 493.

1111111111, 111. 125. 153. 267.
1111111111, 113.

 Ε

11111111, 391.
111111111,1111.6111.1’1111., 339
111111111111.11111111. .
2111111111311111111111113. 199.
11111111, 111.,193. ’
11111111, 12. 1944. 128.

F

71111111 viiia, V. 6111111111.
1111111111191111111111), 11119011. 413.

melinum, 291. 395.
Firmum, 421. 464.

31111111, 129. .
71111112111111) prov. 811111. 393.

7111111131 (2111111113), 369.
G

11111, 11. 1111. 111. 111. 111. 111. 111.

1111111(111111,111111,11.11.111. 111. 111.

156. 172. 212. 235. 250. 381. 382. 393.

 

