INDEX GEOGRAPHICUS.

7111111, 91.

71111011101101111, 350.

71011101111, 91. 172.

710111101111 agor, 145.

7111111121. 88156. 332.

vilia (11011111), 120. 333.

71111111, 0. 33. 47.

7111111. 29. 36. 44. 59. 62 81. 91. 93100105.
114117. 119142. 150151. 161169. 172. 190.
100, 219. 230. 238. 252. 269. 311. 313. 332, 369.
371. 876. 385. 387. 392. 393. 396. 401. 406. 108.

Viuomoniium (7111113011),309.

71110111111011, 293. 296. ·

711101111, 11 3111111, 376.

7111101, 212.

71110310111711103101), 163. 393. ’

7111111111, 830.

7111111111(171101011,1. 273. 214. 275. 827. 331.

375. 408.
7111111131, 49173.
7101111111, 95. 183.
70131,(11111,Ε101) fl. 95.
1101111111, 176. 306. 350. 357.
701111111, 127. 198. 201. 259. 266, 306. 335.
Volpn, 391.
70111, 219. 339. 408. 461. 466. ,
711611111103101111. prov. 27 3.

Ζ

2111111, 111311Ρο1. 11110111, 213.
2131110111, 11 Snmog. 198.
Ζ1311111113111111, 66.
21111οοί1111, 16.

2111010111, 262. 350. 382.

21101011, 145.
10110112011111111), 1.

SYLLABUS INDIOUM

111101 unctorum in oporo 0111101111. p. 111
2 111101111 domiciliorum 01 fuudntornm . 408
3 Ρ111100101111 provincio 11 visitatorum . 409
43101011101111111111 . . . .410

5 congregationum provincialium . . . 417
6 Scriptorum primo 110110 provino. 11111111. 419

iDooiornm in Aondomio 71110111. . ,423 ἢ
8 Sociorum interfectorum 11 hostibus . . 440

’ 91110111011110111011101111111111. . ,142

10 Ρ111111111111110110111101011101111 . 461
11 11111 historicus etnnnlytinns . . . 467
12 111013103111111011 ..... 501

CORRIGENDA.

1ae 1
Ραξ. 3111. 171 Ε1101110111.
2 13110011811111010.

» 1611111011 1111311111011117.
» 30, l. 121110 1711111. marginali.

² 661110111113111113.

ι 120114111111111111.

1 10619111101591.

ι 172113101016110111011111011113.
ι 17111101111001010111101110111111.
2 240141011110.

2 2431221111111111.

Lego .
ι 25111101111111.

2 275,1. 2313010101111

2 2831. 11111110 11111011101 1. 44.

1 290,1.1.11101.45.

2 309. Addo n. 17 11 ultimo 111110.

2 92112813111001111.

» 341, 11 notu: Aquilo. ·

ι 369129111101101110.

1 3731130101116130111101111111111οΜ
» 451121111101595.

» 49011101110113101101111011.Ι

8311131113. ·· 111111111111 7110111117.

 

