INDEX ooocoovfflcos.

Penio, 99. 346.

Perusia, 83

Ρ515155515, 131. 152. 215. 444.

Pina, 11506.

31555515, 15 prov. 055555. 8.

Pimcim 395. 9155555 (21551), l. 306. 340. 353 371.
384. 389. 408.

Ρ155551555 forum, 6.

Ρ15555115, 331.

215555515 (9515555), 91195. 93. 99. 100145.

Plocio 1Ρ1551), 1. 225. 239. 271. 873 335. 408.

25555151355551555151, 43. 355. 373.

Podolio, 45187. 350.

2515555155 mono, 56 35555115 308.

Pomponio, 212.

2515555. 371. 5. 3.

Ρ515515,1.236.306. 375. 332. 334.

- Pelusiaci pagi, 231. n. 26.

9515515, 1. 81. 85, 91. 93. 106. 145. 161. 172195.
212. 230. 236. 242. 271. 275. 307. 330. 370. 371.
375. 391. 405. 403.

2515515161. 91. 131. 307. 348. 350. 356. 360. 368. 380.
392. 399.

- Ρ5155.1515515551 superior. 65153-35155·
jor 51 minor, 355. 1

251515, fl. 81. 88.

’5555555 11113315133512.

Pontus 3551555, 306.

255555, 343.

9555551515 35555195555555) 1421. 444. 461.
464.

25555515, 36. 185. 204. 210. 212. 233 309. 444.

25555515, 191.

Pago, 92. 198.

25555115, 3. 4.

1555555155, 18. 215.

2555555115, 159. 449. .

Pripetio 1951551155, Pripoo) 306. 350. ,

255555, fl. 391.

Promis. 6165. 88. 114. 133. 135. 209. 231296. 331.
355. 372. 376. 373. 391402.

Pultovia 12511551), 1. 40. 50. 114. 172185201212.
217. 222 230. 271. 275 231363. 372. 395. 401.
402 408.

Potens 55551275. ¹
Putivlium, 208.

R.

3515515, 10.

mongum, 293 295. 296.

3535555555. 5555. 376.

3555, 379. -355555 arx. 201.

Rogiomontum (35515555511 64150. 258. 296.
346. 372. 331. 403.

115ςί1155, prop. anoborg. 283.

3555515, 95.

355551155135551155755515, 1. 293295. 293. 299.
300. 345. 315. 373335403. 464.

11555115, 52 109. 188. 199. 260. 266.

Rhodopolis, 15 Thracio? 154.

3155151307.

31515555 mono. 221.

’ 31351100. 105. 109. 110. 119.120.122.127.159.

167. 181209. 212217. 230, 236. 267. 340. 395. 330.
395. 405. 408.

35155155. 228.

Romo‚98128. 131. 188. 163188. 230. 237. 310.
347. 360. 363. 369. 393. 397.

3555555555, 127. 395.

3551155555, 252. ·
3551155515, 1316. 17.

35515515, 95.

3555155151355515 rubro), 252. 350355

1151155555. 193.

35551551, 380.

355515, 95. 93145174. 183. 268. 274. 351351. 355.
358. 869. 371. 331. 391.

35551 111555. 3745- 3555 3555551355, 93. 874
11555. 95155155, 331. 392 - 355515 rubro (V
355515515).

35555555 1355515511, 252.

3551555515 prov. 235.

3.

3555551555 15 Dona, 275.

3556551524. -

3555511151. 103111 118. 355. 377. 381. 407.
3556551515, 188. 2122234. 444.

35515515, 464.

smus (355), 1. 350.

35555, 6. 46.

Samnio, 57. 402 874.

 

